Color1 = [    0.9686    0.9843    1.0000;
    0.7765    0.8588    0.9373;
    0.4196    0.6824    0.8392;
    0.1294    0.4431    0.7098;
    0.0314    0.1882    0.4196];


Color2 = [    1.0000    0.9608    0.9412;
    0.9933    0.8365    0.7660;
    0.9882    0.6265    0.5060;
    0.9843    0.4157    0.2902;
    0.9009    0.1766    0.1487;
    0.7023    0.0704    0.0921;
    0.4039         0    0.0510];